4 0.2171875 0.77421875 0.23984375 0.1859375
2 0.74375 0.77265625 0.25703125 0.165625
4 0.215625 0.18203125 0.24609375 0.1625
2 0.75390625 0.19375 0.26875 0.1859375
6 0.11165322656250001 0 0.1132133984375 0.078642903125 0.3189619515625 0.0755159453125 0.319466375 0 0.11165322656250001 0
6 0.10907775 0.672764225 0.31379239062500003 0.672764225 0.314826303125 0.5054721703125 0.10907775 0.5054721703125 0.10907775 0.672764225
1 0.3608426375 0 0.361352359375 0.0770794265625 0.5867452453124999 0.0833333359375 0.587285515625 0 0.3608426375 0
1 0.5805417703125 0.5007817375 0.36031844375 0.5039086953125 0.3582506203125 0.5007817375 0.35618279375 0.6680737984375 0.5784739437499999 0.6774546578125 0.5805417703125 0.5007817375
3 0.6301437140624999 0 0.6312034765625001 0.0833333359375 0.8679693953125 0.078642903125 0.86642466875 0 0.6301437140624999 0
3 0.6260339109374999 0.6790181343749999 0.8576302734375 0.680581615625 0.8576302734375 0.507035646875 0.6270678265625 0.507035646875 0.6260339109374999 0.6790181343749999
5 0.336538459375 0.4523139453125 0.6074234921875 0.46169481093750003 0.612593053125 0.285021890625 0.340674109375 0.2834584078125 0.336538459375 0.4523139453125
5 0.6073602296875 1 0.6105252265625001 0.8807066890625 0.339640196875 0.8775797375 0.339640196875 1 0.6073602296875 1
0 0.3489454109375 0.2662601640625 0.602253928125 0.26469668281250003 0.6032878421875 0.09115071875 0.3458436734375 0.08958724375 0.3489454109375 0.2662601640625
0 0.3448097625 0.8619449640625 0.5929487171875001 0.8744527812499999 0.5939826296875 0.686835525 0.3458436734375 0.686835525 0.3448097625 0.8619449640625