4 0.25 0.76484375 0.21640625 0.16640625
2 0.72578125 0.7640625 0.23203125 0.1484375
4 0.24921875 0.234375 0.221875 0.14609375
2 0.734375 0.24453125 0.2421875 0.16640625
6 0.153846153125 0.001401146875 0.15664335625 0.14151604375 0.3421911421875 0.13871374375 0.34312354218749996 0 0.153846153125 0.001401146875
6 0.3384615375 0.5240297046875 0.152913753125 0.5240297046875 0.152913753125 0.6739526390624999 0.3375291375 0.6739526390624999 0.3384615375 0.5240297046875
1 0.5836829859375 0.1457194921875 0.5846153859375 0.0028022999999999998 0.38041958125 0.001401146875 0.379487178125 0 0.38041958125 0.140114896875 0.5836829859375 0.1457194921875
1 0.576223775 0.6781560875 0.578088578125 0.51982625625 0.379487178125 0.5226285578125001 0.377622378125 0.51982625625 0.375757575 0.669749196875 0.576223775 0.6781560875
3 0.6219114218749999 0 0.6237762250000001 0.1457194921875 0.8372960359375 0.14151604375 0.8344988328125 0 0.6219114218749999 0
3 0.8279720296875 0.525430853125 0.620046621875 0.525430853125 0.61911421875 0.679557234375 0.8279720296875 0.6809583875 0.8279720296875 0.525430853125
5 0.6069930078125 0.3264677046875 0.361771559375 0.32506655156250003 0.35804195625 0.4763906390625 0.602331003125 0.48479753593749997 0.6069930078125 0.3264677046875
5 0.6013986 1 0.605128203125 0.8603054484375001 0.360839159375 0.8575031531249999 0.360839159375 1 0.6013986 1
0 0.5986014 0.15272523437500002 0.3664335671875 0.15132408749999998 0.3692307703125 0.30965391875 0.597668996875 0.308252765625 0.5986014 0.15272523437500002
0 0.5902097890625 0.686562984375 0.3664335671875 0.686562984375 0.36550116718750003 0.8434916609374999 0.5892773890624999 0.854700853125 0.5902097890625 0.686562984375