4 0.7390625 0.81796875 0.2328125 0.17890625
2 0.228125 0.81640625 0.24921875 0.159375
4 0.73984375 0.24609375 0.23828125 0.15703125
2 0.21875 0.25703125 0.26015625 0.17890625
6 0.6392622140625 0 0.640224359375 0.14343891250000002 0.8395432703125 0.14645550624999998 0.8424609375 0 0.6392622140625 0
6 0.8435496796875 0.5582202125 0.6442307703125 0.5582202125 0.6452323703125 0.7196078406249999 0.8435496796875 0.7196078406249999 0.8435496796875 0.5582202125
1 0.3798263484375 0 0.38080929218750004 0.15098039375 0.5991586515625 0.1449472125 0.6001211953125 0 0.3798263484375 0
1 0.6001602578125 0.5567119171875 0.38681890937499996 0.5536953234374999 0.38882211718750004 0.7241327296875 0.60416666875 0.715082959375 0.6021634609375 0.5536953234374999 0.6001602578125 0.5567119171875
3 0.1112621796875 0 0.1083733984375 0.14645550624999998 0.33774038281249996 0.15098039375 0.33966846875 0 0.1112621796875 0
3 0.34174679218750004 0.55972850625 0.11838942187499998 0.55972850625 0.11838942187499998 0.7271493234374999 0.3427483984375 0.7256410234375 0.34174679218750004 0.55972850625
5 0.6191907078125001 0.3440422296875 0.3557692296875 0.3455505296875 0.3607772421875 0.5159879359375 0.6231971171875 0.506938159375 0.6191907078125001 0.3440422296875
5 0.6201923093749999 1 0.6201923093749999 0.9171945703125 0.3577724375 0.9202111593750001 0.35989820781250004 1 0.6201923093749999 1
0 0.6141826906250001 0.15701357656249998 0.3647836515625 0.1585218703125 0.3657852578125 0.3259426828125 0.6111778828125 0.32745098281249996 0.6141826906250001 0.15701357656249998
0 0.6141826906250001 0.73318250625 0.373798078125 0.73318250625 0.3747996796875 0.9141779765625 0.6151842921874999 0.9021116125 0.6141826906250001 0.73318250625